36.96967
32.438217
86.92668
69.86535
60.625767
2.372384
88.01802
94.712395
92.97302
28.392393
73.50133
66.29439
0.38577318
65.339485
13.093204
73.50126
16.559374
17.08768
60.488384
62.11778
55.362785
89.71346
83.34319
26.530695
99.2949
96.35577
74.26763
15.126335
47.916775
81.4029
44.3859
51.704235
33.015312
11.874658
53.05032
91.098976
54.472588
68.010826
65.14044
69.49094
52.41994
64.16863
3.879279
87.288734
4.609543
7.767594
55.3973
97.735855
53.2156
97.36175
99.82804
29.34708
10.469222
11.68862
81.297676
70.7967
38.43785
17.026949
69.855606
7.9006553
23.493725
39.23837
16.579235
52.863102
82.00293
4.8827705
8.480615
14.060706
9.745079
49.754673
12.464655
52.44411
75.5945
46.62494
72.770515
79.337074
19.919586
91.98496
29.714315
5.2631674
42.665203
65.840195
40.09868
24.74494
5.6593657
92.308876
52.63356
56.17891
61.633545
61.73489
71.70403
76.33394
99.876526
58.569126
96.71985
37.254047
39.282722
81.32115
64.29523
9.935665
35.54368
50.905376
29.154474
8.72327
14.918602
17.7383
74.77312
46.61696
24.767859
83.583336
44.488068
2.365309
56.019836
15.54771
71.60233
32.142895
57.95304
12.534153
76.63871
82.663055
26.914019
81.124146
0.44508576
98.69462
11.470032
32.166637
82.715904
20.139473
73.43938
41.67699
51.376904
25.15372
71.49035
51.987606
4.203272
53.386105
68.602455
69.96978
80.3365
83.456215
91.50443
48.663353
96.67738
1.5547931
6.917906
93.46675
68.41859
82.83553
1.532495
92.377754
20.509476
77.462105
18.417322
36.420113
99.200836
1.2154162
78.14979
27.690237
1.8917441
42.959976
97.23989
1.3220847
96.502945
23.580038
66.18619
48.56971
6.04887
42.854836
4.268253
82.18072
92.80798
90.839935
15.323448
44.877666
12.6405
51.411522
8.448994
16.238838
92.03309
99.52887
57.801636
13.297063
47.12963
66.3572
77.23772
23.040485
49.418747
82.608154
7.059532
19.550556
1.2864053
89.3042
13.034571
50.159412
16.012794
44.721233
1.3722241
70.72474
71.016495
38.639915
59.526913
43.43944
85.55739
21.433014
51.412148
6.614608
50.347626
51.18549
69.53145
86.256485
37.54427
81.304344
76.14833
47.22499
46.6774
42.304222
34.229034
7.0973396
91.78544
92.09412
27.611797
39.913498
24.28015
10.644311
22.611206
37.660397
77.05378
27.947205
11.793309
34.132175
40.589928
93.32947
69.50804
14.718694
69.17982
3.118384
10.303039
74.32259
12.92153
0.16504526
80.74303
58.145725
72.44808
79.59841
95.4099
42.241905
42.060673
81.30601
94.76113
24.789822
2.218455
10.9501
9.691638
98.84495
23.549212
11.837071
51.50226
33.29274
76.40497
52.728527
50.765102
72.820206
97.510735
8.844227
71.34291
78.483604
38.776505
91.05085
61.429203
17.975039
23.506372
31.810808
39.60476
5.6392965
18.000937
15.197783
76.04165
14.888292
18.180292
55.55013
25.429499
94.687485
72.93624
87.57004
15.063519
23.596012
60.34864
46.390594
37.745285
12.338901
86.87914
44.889538
51.444244
3.5486639
50.70563
16.958225
35.60065
26.170385
51.313866
98.226555
94.882706
4.6759663
11.464572
82.65522
65.31785
38.840424
23.160755
86.25033
52.988613
99.118
25.021475
93.812355
92.71799
92.90422
48.606213
76.042274
31.981266
67.028946
40.12323
71.49667
35.096413
17.105228
21.30288
98.87698
33.80161
71.83262
19.041985
32.084995
74.67753
33.55552
83.06061
54.568012
91.37618
60.40624
59.90183
45.967674
52.953766
21.877247
81.1061
17.291515
59.260357
1.892072
4.573393
39.125736
3.6146164
41.16286
67.57093
28.242462
43.001205
35.183662
34.44664
12.828755
80.69699
43.521667
64.07482
66.04434
7.2987022
29.606497
63.911446
26.329506
78.139336
74.01572
17.102993
44.524883
50.40744
75.91036
64.520294
60.18533
17.097408
40.94786
38.333504
99.28655
70.208954
15.413314
91.576836
53.71526
98.180595
57.75035
58.15245
89.442085
75.99836
83.98489
39.288574
89.10557
77.1933
3.1321287
20.301987
58.95174
19.267172
94.52898
20.641636
76.80562
25.016945
19.67838
10.938227
73.19028
26.627338
6.7240057
53.79983
82.10952
74.94343
72.755974
46.332867
70.688126
18.510038
36.00135
38.100006
21.1982
44.07236
21.363598
40.034748
47.432594
88.38587
35.08998
19.61015
46.4203
39.30948
10.4754505
32.514275
21.681505
98.991455
40.92834
78.7361
35.21924
23.054945
80.46277
94.14595
10.932695
24.410646
17.342018
20.50742
94.86777
18.84567
3.3372343
5.840981
89.50974
29.847033
39.608406
11.9425
96.05006
83.01685
97.8459
80.7243
85.16521
34.537434
60.87726
90.287346
52.335484
54.873478
45.857048
14.957058
16.169346
47.494537
72.38859
60.942207
69.71708
24.913448
31.01175
46.137894
66.54363
0.6301284
19.527214
14.53467
0.6414652
28.319746
47.276096
53.673218
46.41477
29.298466
63.975674
18.86729
50.336075
79.23983
79.81405
57.088787
86.90626
66.41291
88.57509
83.36257
99.74344
10.29622
43.511086
55.461906
74.55115
23.026854
25.976103
51.147354
29.001022
71.32297
75.51419
3.9856374
38.900787
25.6337
54.759686
47.063488
48.159153
71.498695
17.313433
42.13332
68.82098
68.42844
47.4303
98.66097
67.70852
19.84734
89.17599
71.97389
47.908253
17.387081
73.531525
51.624416
70.49241
30.503828
55.153393
34.89545
67.52541
72.25829
58.10696
21.10315
78.70812
11.192476
0.41797757
50.326473
97.14689
52.42473
70.82677
56.059845
44.955444
46.041824
94.34463
61.00129
66.02084
23.080158
74.32302
45.022022
34.66942
17.160303
92.53918
75.89827
37.596504
19.281519
91.62458
58.515453
8.778256
83.32302
38.924896
14.18634
38.7313
57.17336
62.05486
5.9778094
60.056263
48.670547
65.03363
31.34743
39.38414
44.045467
42.553616
83.095665
4.3955383
9.496623
47.808437
52.099472
65.31738
11.872726
77.1064
99.27727
79.09905
63.002266
79.509544
43.826614
66.27141
2.5995433
0.81312656
4.3682218
54.30181
98.319595
23.72576
38.93038
55.142296
27.669413
67.09969
78.73664
20.755386
67.159645
80.02859
54.8474
79.884346
9.163582
86.67445
11.498862
77.46539
49.11387
56.466366
66.43667
89.17564
85.40089
45.053703
67.92639
6.0500026
84.940216
53.88101
57.020844
5.326313
29.964334
21.82843
38.96929
85.19186
50.090073
98.9401
11.573714
23.475534
89.858086
69.316734
73.350655
68.18438
80.28353
23.812092
18.377417
14.814556
95.86184
20.844381
15.831489
19.327528
41.11577
79.57272
13.930464
23.3898
36.138016
89.61839
14.014685
80.80684
54.47856
87.715744
39.969425
10.981083
12.760199
88.00631
10.451513
20.693731
56.00643
79.551346
81.17422
22.616703
20.069778
44.006424
6.8333387
94.83358
59.807785
46.81069
17.459
16.47846
93.63091
16.79188
72.696
40.64239
49.417274
28.435308
55.707634
26.26596
79.04221
16.434265
72.33378
9.211451
97.20623
88.31497
2.3948252
1.5312076
60.976894
14.259905
0.5143106
33.62354
38.413982
96.64822
0.7409513
2.060628
74.56132
89.764824
50.10547
26.012915
90.51349
13.63439
83.88071
6.073308
93.56527
97.611855
82.86967
93.65546
13.800568
88.36667
88.98268
28.820456
52.86547
53.95617
38.450623
65.25398
54.896885
28.080416
36.339092
38.112595
16.257126
35.193085
95.97218
22.588003
1.2823939
63.321346
2.1517694
96.3674
44.92671
54.194683
97.68818
39.825638
2.0239651
33.13339
4.072732
54.962505
56.762268
29.199392
54.767097
43.049812
77.54257
41.026062
74.51449
75.99385
92.16604
88.74141
81.56452
15.929395
49.56227
87.266365
18.327522
58.98195
18.147182
62.354477
46.63124
93.96993
71.309784
65.95048
38.64905
5.6342363
9.211045
91.2571
86.224
9.407711
27.584732
26.345509
67.55969
64.46381
40.924286
55.824066
99.230865
71.56453
4.4956865
37.151962
56.64115
58.880596
20.02384
57.37171
31.192333
93.35967
99.45867
59.622414
66.61051
17.312801
53.550625
10.632115
59.493988
3.679347
53.48001
30.882364
44.913548
91.98284
28.7275
0.26385188
11.826158
17.432838
39.79652
82.334175
95.4915
74.1532
35.16406
29.84494
85.65033
70.378494
35.621548
69.68525
25.892818
87.9742
11.459106
45.015884
87.68173
64.181625
37.04652
70.926735
3.4834743
72.507164
39.38519
43.78872
79.29209
8.670169
51.073
16.499222
64.716354
42.062527
40.577507
96.510315
96.25593
92.883064
13.301396
51.91707
99.25236
48.68427
53.01305
85.566124
9.408485
64.26
34.978016
97.283
74.182816
57.42815
77.55401
40.633022
6.552708
46.200348
78.90313
60.410057
72.68496
85.02277
88.44274
89.13761
5.347389
78.22259
0.128299
80.67783
96.14905
45.568825
95.87397
63.54903
51.92812
20.085026
64.4221
29.285372
19.147915
93.12338
33.633064
7.2330236
20.65702
21.481884
75.1592
68.22291
92.57675
50.33239
20.277554
98.81641
6.667042
22.308254
97.5885
75.07026
61.872787
64.71602
8.45241
71.359215
94.76095
14.991027
68.36165
73.63931
4.4318495
39.777843
93.66771
37.103897
95.74469
70.01186
17.7544
71.51368
93.170525
46.800327
1.2308598
41.169136
64.41943
98.50231
12.188691
94.69832
61.639828
35.0054
8.013505
58.278
52.22606
1.6698241
45.464317
26.877522
80.17841
22.700436
84.3468
15.458239
1.9302964
35.81776
68.53478
6.189412
52.30005
70.09616
60.576946
70.62497
61.756504
3.8507104
49.712677
5.9604826
5.842596
5.674678
32.675995
2.0535767
82.02236
69.41119
99.86583
27.503895
84.36227
2.301991
21.791447
66.97355
58.596397
78.171875
80.46605
62.870205
40.83935
76.72087
93.731384
68.86145
4.394746
62.312096
36.278267
43.34954
97.96843
16.626375
26.119959
32.483887
62.653202
98.83581
59.02853
75.55936
67.13816
23.217743
83.3217
23.339098
23.854923
90.14223
93.56516
81.11195
11.662828
93.93662
22.221035
63.868366
71.96393
36.1395
43.82814
98.14125
98.909775
60.043232
5.556953
92.65606
65.008865
71.19529
22.367537
73.37836
10.673886
36.748306
43.75084
84.80995
50.081177
46.34726
14.2026005
72.000656
71.48243
39.81014
21.02899
1.8108785
23.456264
47.450554
93.48902
59.139317
10.470486
71.8224
87.12929
67.343666
72.81584
53.317696
39.762394
61.715305
94.04918
83.85991
11.995244
71.968765
80.444046
54.410927
49.451984
2.1840215
53.796173
73.71578
7.5983944
93.9668
23.789692
