264.0 337.0 0,0,2,3,1,14,
189.0 319.0 1,1,4,9,5,0,
285.0 272.0 2,2,7,8,0,
248.0 291.0 3,3,6,0,
134.0 251.0 4,4,1,
179.0 217.0 5,5,11,1,
240.0 191.0 6,6,13,3,
275.0 170.0 7,7,2,
324.0 145.0 8,8,2,
102.0 280.0 9,9,10,12,1,
80.0 206.0 10,10,9,
150.0 157.0 11,11,5,
39.0 256.0 12,12,9,
227.0 141.0 13,13,6,
469.0 520.0 14,14,18,23,24,0,
698.0 548.0 15,15,23,
657.0 608.0 16,16,23,22,
620.0 668.0 17,17,23,20,19,21,
517.0 744.0 18,18,14,
712.0 751.0 19,19,17,
658.0 800.0 20,20,17,
752.0 666.0 21,21,17,
747.0 593.0 22,22,16,
547.0 600.0 23,23,14,17,16,15,
682.0 466.0 24,24,14,
