451.0 167.0 0,5,6,1,
449.0 232.0 1,2,7,6,0,5,16,
447.0 307.0 2,16,1,3,17,8,7,
442.0 394.0 3,8,17,18,4,9,2,
441.0 484.0 4,9,18,3,
512.0 209.0 5,21,0,1,16,
368.0 209.0 6,0,12,7,1,
371.0 278.0 7,1,11,12,6,8,2,
369.0 356.0 8,11,3,9,10,2,7,
365.0 437.0 9,10,4,3,8,
298.0 400.0 10,14,9,8,11,
290.0 320.0 11,7,8,10,14,13,12,
300.0 247.0 12,6,13,11,7,
235.0 280.0 13,12,15,14,11,
232.0 365.0 14,15,10,11,13,
177.0 323.0 15,13,14,
516.0 282.0 16,20,2,5,21,1,17,
527.0 363.0 17,3,20,19,18,16,2,
531.0 443.0 18,4,19,17,3,
605.0 418.0 19,18,23,20,17,
595.0 333.0 20,16,17,22,23,19,21,
590.0 258.0 21,22,5,16,20,
684.0 312.0 22,24,21,23,20,
678.0 394.0 23,19,22,24,20,
743.0 365.0 24,22,23,
