488.0 484.0 0,6,5,4,3,2,1,
490.0 329.0 1,30,29,28,27,0,
630.0 386.0 2,10,7,8,9,0,
672.0 557.0 3,0,14,13,11,12,
494.0 668.0 4,17,16,15,18,0,
310.0 580.0 5,0,22,21,20,19,
302.0 416.0 6,23,0,24,26,25,
631.0 284.0 7,2,37,
673.0 314.0 8,2,38,
709.0 352.0 9,2,39,40,41,
739.0 388.0 10,2,
763.0 518.0 11,3,
748.0 575.0 12,42,3,
733.0 617.0 13,3,
712.0 664.0 14,3,45,44,46,43,
435.0 732.0 15,48,47,4,
487.0 745.0 16,49,4,
546.0 755.0 17,4,
612.0 751.0 18,50,51,52,4,
199.0 592.0 19,5,53,
223.0 639.0 20,5,
262.0 673.0 21,5,55,54,
303.0 703.0 22,5,57,56,
267.0 326.0 23,63,6,
237.0 357.0 24,6,62,61,
202.0 407.0 25,6,
170.0 449.0 26,60,59,58,6,
415.0 249.0 27,1,31,32,33,
464.0 251.0 28,1,34,
523.0 251.0 29,1,
570.0 252.0 30,1,35,36,
371.0 156.0 31,27,
415.0 149.0 32,27,
458.0 154.0 33,27,
500.0 155.0 34,28,
565.0 155.0 35,30,
616.0 162.0 36,30,
727.0 194.0 37,7,
774.0 246.0 38,8,
810.0 281.0 39,9,
832.0 315.0 40,9,
852.0 362.0 41,9,
852.0 533.0 42,12,
850.0 592.0 43,14,
845.0 679.0 44,14,
810.0 741.0 45,14,
852.0 642.0 46,14,
384.0 843.0 47,15,
431.0 854.0 48,15,
519.0 849.0 49,16,
573.0 862.0 50,18,
625.0 872.0 51,18,
671.0 868.0 52,18,
89.0 618.0 53,19,
121.0 683.0 54,21,
163.0 748.0 55,55,55,21,
209.0 804.0 56,22,
246.0 817.0 57,22,
54.0 421.0 58,26,
78.0 368.0 59,26,
97.0 331.0 60,26,
122.0 278.0 61,24,
153.0 239.0 62,24,
183.0 202.0 63,23,
