150.0 450.0 0,1,0
150.59198 468.83716 0,1,2
152.36557 487.59998 1,2,3
155.31384 506.2144 2,3,4
159.42505 524.607 3,4,5
164.68304 542.7051 4,5,6
171.06705 560.4374 5,6,7
178.55188 577.73376 6,7,8
187.108 594.5261 7,8,9
196.70163 610.74805 8,9,10
207.2949 626.3356 9,10,11
218.84602 641.22723 10,11,12
231.30942 655.36414 11,12,13
244.63586 668.69055 12,13,14
258.7728 681.154 13,14,15
273.66443 692.70514 14,15,16
289.25198 703.29834 15,16,17
305.4739 712.892 16,17,18, 82
322.26624 721.4481 17,18,19
339.56262 728.933 18,19,20
357.29492 735.31696 19,20,21
375.393 740.57495 20,21,22
393.78564 744.68616 21,22,23
412.40005 747.6344 22,23,24
431.16284 749.408 23,24,25
450.0 750.0 24,25,26
468.83713 749.408 25,26,27
487.6 747.6344 26,27,28
506.2144 744.68616 27,28,29
524.607 740.57495 28,29,30
542.70514 735.31696 29,30,31
560.4374 728.9329 30,31,32
577.7338 721.4481 31,32,33
594.5261 712.89197 32,33,34
610.74805 703.29834 33,34,35
626.3356 692.7051 34,35,36
641.22723 681.15393 35,36,37
655.36414 668.69055 36,37,38
668.69055 655.36414 37,38,39
681.154 641.2272 38,39,40
692.70514 626.3356 39,40,41
703.2984 610.74805 40,41,42
712.89197 594.5261 41,42,43
721.4481 577.73376 42,43,44
728.933 560.4373 43,44,45
735.31696 542.7051 44,45,46
740.57495 524.60693 45,46,47
744.68616 506.2144 46,47,48
747.6344 487.59998 47,48,49
749.408 468.83713 48,49,50
750.0 449.99997 49,50,51
749.408 431.1628 50,51,52
747.6344 412.40005 51,52,53
744.68616 393.78564 52,53,54
740.57495 375.39297 53,54,55
735.3169 357.29483 54,55,56
728.933 339.56262 55,56,57
721.4481 322.2662 56,57,58
712.89197 305.47388 57,58,59
703.2984 289.252 58,59,60
692.705 273.66434 59,60,61
681.15393 258.77277 60,61,62
668.69055 244.63583 61,62,63
655.3641 231.30937 62,63,64
641.2272 218.846 63,64,65
626.33563 207.29495 64,65,66
610.748 196.70158 65,66,67
594.526 187.10794 66,67,68
577.7337 178.55185 67,68,69
560.43726 171.06702 68,69,70
542.70514 164.68304 69,70,71
524.607 159.42505 70,71,72
506.21426 155.31378 71,72,73
487.59985 152.36557 72,73,74
468.83716 150.59198 73,74,75
450.0 150.0 74,75,76
431.16284 150.59198 75,76,77
412.40002 152.36557 76,77,78
393.78558 155.31384 77,78,79
375.393 159.42508 78,79,80
357.29486 164.68304 79,80,81
339.5626 171.06708 80,81,82,18
322.26617 178.55191 81,82,83
305.47385 187.10803 82,83,84
289.252 196.70158 83,84,85
273.66437 207.29495 84,85,86
258.77274 218.84608 85,86,87
244.63579 231.30948 86,87,88
231.30934 244.63596 87,88,89
218.84605 258.77277 88,89,90
207.29492 273.66443 89,90,91
196.70155 289.25208 90,91,92
187.10794 305.474 91,92,93
178.55188 322.2662 92,93,94
171.06705 339.56262 93,94,95
164.68304 357.29492 94,95,96
159.42505 375.39307 95,96,97
155.31378 393.78577 96,97,98
152.36557 412.40005 97,98,99
150.59198 431.1629 99,0,98
